>	Input file: ../Inoutput/ODEout
>	Parameters: [90.0, 0.002, 1.2, 1.1, 0.8, 0.96, 0.01]
>	Starting values: [80.0,40.0,60.0,0.0,0.0,0.0,0.0,0.0,0.0,0.0,0.0,0.0,0.0,0.0,0.0,0.0,0.0,0.0,0.0]
#	41	3	3
time	0.0	0.5	1.0	1.5	2.0	2.5	3.0	3.5	4.0	4.5	5.0	5.5	6.0	6.5	7.0	7.5	8.0	8.5	9.0	9.5	10.0	10.5	11.0	11.5	12.0	12.5	13.0	13.5	14.0	14.5	15.0	15.5	16.0	16.5	17.0	17.5	18.0	18.5	19.0	19.5	20.0
1, 0, 0	80.0	91.2610806957	102.686308408	109.933252349	110.948696906	105.350208403	94.0538249343	78.9247710703	62.3869300995	47.0019337785	35.0615265924	28.2435002808	27.3707396	32.3183351506	42.0887920904	54.9983849674	68.9538055109	81.7874450588	91.5914040309	96.9977182201	97.3645537314	92.8440712494	84.3265753809	73.2745811947	61.4766294869	50.7619325025	42.7193318918	38.4636676761	38.4842857478	42.5975346442	50.0065110797	59.4475391167	69.3997627951	78.3269735783	84.9122543102	88.2495892322	87.9649922356	84.2515468115	77.8166478351	69.7530934414	61.35678133
0, 1, 0	40.0	65.6770623472	88.2517029675	107.667074078	122.502876351	131.296472042	133.220656377	128.379472909	117.838728885	103.460965182	87.6050554744	72.753927011	61.1324678956	54.3760503416	53.3079571066	57.8533051211	67.0876521146	79.4114562073	92.8208131258	105.22912684	114.788266408	120.160210679	120.699825463	116.524602948	108.465132478	97.9100999776	86.5719354395	76.2107400221	68.3646382197	64.1234115769	63.9818940602	67.7909119815	74.8066698603	83.8282078854	93.3989259169	102.038784701	108.470631018	111.806323026	111.665947994	108.214743589	102.115475282
0, 0, 1	60.0	54.3421911591	58.4333529521	67.6229557998	78.7343067451	89.3188810787	97.4939357137	101.987525601	102.21267869	98.287917441	90.9725487033	81.5172925634	71.450374637	62.3305998795	55.5068470842	51.9217354084	51.985999597	55.5382552079	61.8930838315	69.9668531867	78.4590316178	86.0591120696	91.6465635349	94.4536374218	94.1675005214	90.9596614998	85.4403468488	78.5461278288	71.3845180183	65.0576106746	60.4940494117	58.315189931	58.7535693108	61.6337530343	66.4159254017	72.2930932201	78.3249504422	83.5865403729	87.3084621554	88.9876187116	88.452854001
0, 0, 2	0.0	28.5993790375	45.7748071642	66.8364971695	97.0947506794	135.324568726	175.918457882	212.310002814	240.375717416	260.107753774	274.853810496	288.844610939	304.598997898	321.741188227	337.781369964	350.172807343	358.26561282	363.985822547	370.90106359	382.289855622	399.369488938	420.679452295	442.901066828	462.570175645	477.681579238	488.354030037	496.296806791	503.485191901	510.975211402	518.486980817	524.917463728	529.370621065	532.002400075	534.167241532	537.799156494	544.410123736	554.294560616	566.378386167	578.763160588	589.628584275	597.98776218
0, 1, 1	0.0	-7.32141365765	-2.24188732292	17.5084828768	51.6590583851	93.842403439	135.34302753	170.125204585	197.650836828	222.064088679	248.605631179	279.684494028	313.009281495	342.862349816	363.545258243	372.792066235	373.17693534	370.850865692	372.449986824	381.975570571	399.324486961	421.091567773	442.947423314	462.088916733	478.37523708	493.693495244	510.108646873	528.039770834	545.70779287	560.050826542	568.517626898	570.624902602	568.370289111	565.331145261	565.000157368	569.292420279	577.991747032	589.315054219	601.145093945	612.16500495	622.276314032
0, 2, 0	0.0	54.6787487166	121.394666367	208.452189612	306.041364938	398.631523283	474.572071819	531.509757054	575.808032495	617.143536452	661.960772109	709.765539836	754.225174619	788.113520407	808.594268026	819.596039282	830.147153667	849.783206614	883.713416831	930.447027106	983.027702946	1032.92463692	1074.23610234	1105.90830431	1131.00956884	1153.88027882	1177.01549773	1199.61935003	1218.61873048	1231.18051433	1237.08057096	1239.44142153	1243.46192793	1253.93345838	1272.95129855	1299.06768933	1328.2477897	1355.968855	1379.24289834	1397.5101529	1412.09455782
1, 0, 1	0.0	-5.59381098864	-6.0137338329	4.83141170577	21.1739390491	34.3051789389	38.701032734	34.9542297459	28.7051985461	26.6773660857	32.3969929377	44.1384324433	56.1487530255	62.2668933796	59.5419341026	49.7587283113	38.2164839301	30.6616340954	30.2257943776	36.0750661339	44.3702960372	50.7788921689	52.9665242845	51.6510088342	49.7528894049	50.3265457683	54.5518356154	61.0133931279	66.6408783336	68.5774920079	65.8442140637	59.8384721842	53.4790444802	49.591065112	49.4796582277	52.4651898008	56.5430739202	59.6804423406	60.9508902252	60.8776136867	60.8710130984
1, 1, 0	0.0	22.0593725158	75.2997535332	143.6619281	211.305642929	267.23695224	309.659085114	344.998406126	382.251702321	426.374670333	474.76216514	518.759235253	549.119225018	561.884656476	560.862368664	555.762217812	557.351462577	572.300096866	600.544692383	636.379292886	672.289503066	703.111407733	728.167496951	750.430626182	773.584003186	798.971123282	824.302040669	844.940341165	856.79753281	858.959143721	854.497106036	849.10616045	848.445420852	855.655187455	870.336964653	889.393480883	909.054235247	926.83556385	942.368743871	956.798962604	971.323280196
2, 0, 0	0.0	81.5258462347	167.954542148	251.942456822	324.828222856	385.701690047	441.363492132	500.691542565	567.946149984	639.32831466	704.771567487	753.728203315	781.555388297	792.373349026	796.611670832	805.816575395	827.452025063	862.137107718	904.697108357	948.047711631	987.397725149	1022.35141129	1055.96404418	1091.67991893	1130.2577718	1168.58177789	1201.06702473	1222.86586965	1232.7371169	1233.8999082	1232.48041045	1234.67470558	1244.17974877	1261.10291022	1282.77016482	1305.75572172	1327.83807154	1348.79253472	1369.73229873	1391.60175671	1413.88065583
0, 0, 3	0.0	7.25180984478	31.9978321568	72.4892485368	136.776106362	221.864816012	315.841678827	406.456496004	483.878310651	538.814059356	563.751964447	558.605715967	533.527129804	503.547828473	479.200731789	461.23900034	444.462364597	426.604835486	413.157642335	414.015369102	436.173614327	479.374197388	537.129328585	600.223367102	659.23727409	705.796820411	734.050950493	742.642023398	735.148413229	717.67677008	695.363731919	670.611549473	644.501017	619.720255897	601.668897355	596.52536142	608.084756501	635.893728642	675.584602123	720.491506733	763.371613796
0, 1, 2	0.0	-2.52803258833	5.42308941289	23.5622017384	50.1495368426	78.4486944468	105.569085965	132.145120708	152.595420046	151.191672008	112.780807388	37.7958042053	-55.0590381993	-141.339753408	-206.505528173	-251.744981091	-285.941517267	-314.262006859	-334.538773402	-341.916724939	-334.251528404	-313.036282862	-281.754924866	-245.820601096	-213.966599071	-197.298020317	-204.309922032	-235.333288057	-282.19861576	-333.488765874	-380.902440961	-421.798790821	-456.577555024	-484.676752064	-503.35426576	-509.435470749	-501.509253452	-480.795390647	-450.998972368	-418.043948751	-389.467159311
0, 2, 1	0.0	2.38035530499	3.97202964728	18.0946868917	42.2385673133	74.1887463487	116.130389399	161.936600025	186.387126836	156.813723903	60.556935165	-80.6550593624	-225.419065978	-340.557500236	-418.039738697	-471.760012254	-518.074332024	-561.063433228	-593.564462016	-606.645109258	-595.841147005	-561.710762809	-509.951764873	-453.427719046	-411.50799615	-402.684742758	-434.032540284	-496.780608571	-572.935753793	-646.340874554	-709.924302046	-764.899719606	-813.719786078	-854.492275736	-881.39329287	-888.556639341	-873.407339856	-838.097297618	-789.831079109	-740.251496651	-702.806015011
0, 3, 0	0.0	54.8240521887	187.387184238	394.944870646	645.172927345	904.272252064	1141.64122884	1318.24786447	1390.58871324	1339.64013216	1194.3480412	1016.44180742	857.757528824	735.975158614	639.878930619	551.67833559	474.395948413	433.723834093	456.794665463	552.703551591	709.473069761	901.556682757	1096.38445065	1258.51537941	1357.47070295	1379.33483499	1332.92620459	1242.21486176	1131.17525635	1014.99745782	900.460225843	793.061094853	705.469903155	656.789399031	663.027911537	728.577046034	844.021563908	989.123918482	1137.69520919	1263.12470871	1344.727158
1, 0, 2	0.0	1.37577247827	5.11459074489	11.3274398355	10.9137335731	-3.48734762821	-28.4580287462	-56.8002904662	-88.8407446841	-131.883033509	-188.634353511	-249.916495296	-299.777512756	-327.877498803	-338.436959675	-342.937345193	-347.790806172	-351.143793965	-348.769147711	-340.752961891	-331.850169512	-326.853457901	-327.534879335	-334.209192837	-348.450503899	-372.561551212	-406.028768663	-443.25308321	-476.010098939	-498.823302146	-512.05870708	-519.172701489	-522.308548293	-521.17850503	-515.058578862	-504.968445857	-493.721142358	-484.402843736	-479.319582542	-480.146092481	-488.217317026
1, 1, 1	0.0	1.905530349	3.36540119593	-0.735340344066	-11.479768572	-18.2578386356	-9.67169436507	6.66424495647	2.84964181674	-45.4347868144	-134.418563069	-233.908563462	-311.336873034	-352.998745036	-369.11008673	-378.678683096	-391.880272741	-407.454120608	-420.221307155	-426.716601436	-424.681897471	-412.072895552	-390.490356392	-369.27669287	-362.934156441	-381.649611157	-423.049204715	-473.585828166	-518.251716887	-549.652121563	-570.172329355	-586.15917561	-601.057838691	-613.806481234	-621.295856341	-620.905348876	-611.502384984	-594.10008832	-572.89313843	-555.205429405	-548.803555254
1, 2, 0	0.0	18.1529707082	65.3806318796	123.886374519	185.448343872	250.964706177	306.432774576	311.308878072	224.231439945	43.6904002484	-182.566351431	-393.115292709	-553.188700921	-661.314618751	-739.39143147	-806.787141236	-861.726629101	-890.309285575	-882.765318856	-839.285085728	-767.128881856	-679.693007937	-599.190249495	-554.033485555	-566.199526778	-637.520005425	-748.381751814	-871.52532479	-986.566003537	-1085.18996962	-1168.54485001	-1237.92254128	-1287.95841918	-1309.74045228	-1297.57562961	-1252.5609279	-1182.84779842	-1102.83184646	-1031.3612839	-987.216172338	-982.382863319
2, 0, 1	0.0	7.48997401928	17.8062218789	24.0002170419	34.5766577462	68.3004566646	130.952154091	200.719022958	243.09352122	240.914160437	207.351178614	169.650200105	144.098683945	128.791768748	113.185418148	91.1000125483	65.2620610713	41.3596611111	22.7621215398	12.2223025291	15.2232821154	37.2166020487	76.1754675534	119.743930065	152.169902907	165.139574248	162.210742091	152.614418763	142.193525129	130.616727897	114.712654417	93.16151957	68.3049290139	44.5028147343	26.1197638375	17.1210136012	20.8162816273	38.0698511936	65.2518741271	94.7447283361	118.628471918
2, 1, 0	0.0	-2.0649696931	-11.0462895889	-23.5103324727	-23.2105431636	-7.43231071095	-11.727578273	-93.5551623284	-282.903191323	-550.004211023	-825.988999084	-1055.67285523	-1224.33872524	-1341.91014488	-1430.79690392	-1506.0555182	-1566.05395356	-1603.39717881	-1613.09010202	-1593.05738504	-1546.17541688	-1487.17392801	-1444.90384429	-1450.82639818	-1519.82797084	-1640.33992126	-1783.62197604	-1923.46265597	-2045.80822514	-2147.24559397	-2230.77619493	-2297.97606712	-2344.78532703	-2365.22111983	-2355.86965472	-2318.22298517	-2260.47928749	-2198.3950875	-2152.43903483	-2140.3454368	-2169.20691199
3, 0, 0	0.0	1.89394287753	-21.6579511376	-54.2767753038	-79.6457842667	-120.959561733	-239.408841073	-485.355391382	-847.884869587	-1254.78267964	-1624.6797904	-1919.2992046	-2139.03307487	-2289.53647161	-2389.76480901	-2457.22077424	-2497.02737235	-2509.42744618	-2493.29185858	-2449.39454577	-2389.46477425	-2343.01839225	-2349.28967343	-2435.34901519	-2598.25070285	-2807.48444607	-3025.74423703	-3227.49865124	-3398.08982455	-3529.74412143	-3623.42608891	-3682.23719065	-3706.0017748	-3694.14891059	-3649.07175195	-3579.1282767	-3501.26741951	-3439.82383061	-3419.20702747	-3453.55726747	-3540.7092219
