- !trajectory
  timepoints: !nparray
    object: [0.0, 0.5, 1.0, 1.5, 2.0, 2.5, 3.0, 3.5, 4.0, 4.5, 5.0, 5.5, 6.0, 6.5,
      7.0, 7.5, 8.0, 8.5, 9.0, 9.5, 10.0, 10.5, 11.0, 11.5, 12.0, 12.5, 13.0, 13.5,
      14.0, 14.5, 15.0, 15.5, 16.0, 16.5, 17.0, 17.5, 18.0, 18.5, 19.0, 19.5]
    dtype: float64
  values: !nparray
    object: [301.0, 290.191955202941, 280.587012789919, 272.030592753477, 264.391791838931,
      257.559062245777, 251.436806654562, 245.942670265541, 241.005368499757, 236.562930313664,
      232.561266868355, 228.952997027749, 225.696477184875, 222.754994848608, 220.096094392425,
      217.691010166987, 215.514187376472, 213.542875122678, 211.756779127717, 210.137764073356,
      208.669597403576, 207.337727947036, 206.129093917824, 205.031955814654, 204.035750512438,
      203.130963465903, 202.309016453409, 201.562168704327, 200.883429593812, 200.266481369356,
      199.705610605558, 199.195647276303, 198.731910494358, 198.310160102979, 197.926553417265,
      197.577606508469, 197.260159505222, 196.97134545433, 196.708562342305, 196.469447928853]
    dtype: float64
  description: !moment
    symbol: y_0
    n_vector: [1]
- !trajectory
  timepoints: !nparray
    object: [0.0, 0.5, 1.0, 1.5, 2.0, 2.5, 3.0, 3.5, 4.0, 4.5, 5.0, 5.5, 6.0, 6.5,
      7.0, 7.5, 8.0, 8.5, 9.0, 9.5, 10.0, 10.5, 11.0, 11.5, 12.0, 12.5, 13.0, 13.5,
      14.0, 14.5, 15.0, 15.5, 16.0, 16.5, 17.0, 17.5, 18.0, 18.5, 19.0, 19.5]
    dtype: float64
  values: !nparray
    object: [0.0, 20.1032078774447, 35.5468932830954, 47.5190161504492, 56.882425632698,
      64.2698323068521, 70.1492136421603, 74.8694353161664, 78.6924458409646, 81.8162396344656,
      84.3913962155669, 86.5330994228879, 88.329943527847, 89.8504335303973, 91.1478162046891,
      92.2636929373117, 93.2307368918833, 94.0747471193261, 94.8162087257631, 95.4714829546307,
      96.0537185208957, 96.5735519850547, 97.0396477737194, 97.4591158328301, 97.837835568689,
      98.1807077918423, 98.4918511879078, 98.7747559366343, 99.0324041520612, 99.2673645793793,
      99.4818672796109, 99.677862729873, 99.8570687670736, 100.021008033501, 100.171037989203,
      100.308375097082, 100.434114431059, 100.549245681677, 100.65466631909, 100.751192506511]
    dtype: float64
  description: !moment
    symbol: M_2
    n_vector: [2]
