>	Input file: ../Inoutput/MEA_MM_2.txt
>	Parameters: [0.00166, 0.001, 0.1]
>	Starting values: [301.0,0.0,0.0,0.0,0.0]
#	51	2	2
time	0.0	1.0	2.0	3.0	4.0	5.0	6.0	7.0	8.0	9.0	10.0	11.0	12.0	13.0	14.0	15.0	16.0	17.0	18.0	19.0	20.0	21.0	22.0	23.0	24.0	25.0	26.0	27.0	28.0	29.0	30.0	31.0	32.0	33.0	34.0	35.0	36.0	37.0	38.0	39.0	40.0	41.0	42.0	43.0	44.0	45.0	46.0	47.0	48.0	49.0	50.0
1, 0	301.0	256.493450853	229.850607184	211.463400759	197.359371924	185.653128616	175.377135085	166.004904921	157.232930011	148.891033846	140.888194414	133.16057305	125.667208998	118.392115381	111.333036279	104.486227305	97.8485093104	91.4231724357	85.2165965306	79.2335429819	73.4791546923	67.9583561322	62.6758323531	57.6358257262	52.8419916181	48.2971419892	44.0029761788	39.9603608011	36.1688376261	32.6266411529	29.3306907297	26.2764490935	23.4584299709	20.8696923494	18.5020879998	16.3464378164	14.392478396	12.6294725648	11.0459277054	9.62992153572	8.3693082337	7.25190996121	6.26567471407	5.39879810595	4.63992906742	3.978087459	3.40296849196	2.90487941387	2.47493087209	2.10497381778	1.78757140655
0, 1	0.0	2.36155012656	7.75137733103	14.7189839937	22.5456636457	30.8431157687	39.389908531	48.0547629527	56.7560324304	65.4414504754	74.0770206331	82.6391771966	91.1108910842	99.4790416428	107.732790729	115.862664948	123.860357208	131.718372873	139.429526953	146.986790335	154.3832635	161.612250659	168.667194716	175.541770092	182.229886963	188.725728512	195.023853206	201.119129424	207.006929695	212.683182742	218.144437755	223.388006445	228.411761065	233.214453317	237.795693348	242.155954434	246.296676033	250.219941562	253.92881287	257.42720044	260.719785786	263.812024438	266.709833066	269.419803424	271.949019637	274.304949619	276.495381961	278.528240897	280.411635454	282.153716439	283.762594073
0, 2	0.0	2.31985589356	7.35675475939	13.4375321868	19.7942853499	26.0753693544	32.1229904655	37.8702772732	43.2899493058	48.3713471945	53.1105843478	57.5059399681	61.555279057	65.2548558828	68.5992472675	71.582365027	74.1986594303	76.443126109	78.3112981077	79.7997139415	80.9065230927	81.6320641077	81.9784683118	81.9507733437	81.5570377061	80.8084619171	79.7198224539	78.308265297	76.5946281881	74.6028798253	72.3597555903	69.8945719639	67.2379338426	64.422310048	61.4809782549	58.4472730141	55.3538815354	52.2324743988	49.1130599745	46.0232768916	42.9880064586	40.0287775778	37.1646991388	34.4112553173	31.7805605796	29.2815692385	26.9199736258	24.699525731	22.6211595404	20.6837045907	18.8843290772
1, 1	0.0	-1.60637281363	-4.3561030662	-7.53787594398	-11.0303814499	-14.7318836346	-18.5335460029	-22.3334950231	-26.0462006159	-29.6008881481	-32.9407313399	-36.0239278634	-38.8199587127	-41.304181098	-43.4557204591	-45.2597685033	-46.7084081858	-47.7976852855	-48.5261971428	-48.8959655081	-48.9131654163	-48.5883770912	-47.9351074875	-46.9715450884	-45.7197951078	-44.2055359596	-42.457999054	-40.5083592488	-38.3906924611	-36.1407418115	-33.795027905	-31.3898954384	-28.9607946838	-26.5416229322	-24.1635820552	-21.8543373045	-19.6378972952	-17.5346810738	-15.5601625611	-13.7252255917	-12.036550701	-10.4965678481	-9.10521449627	-7.8589349967	-6.75179900424	-5.77544151099	-4.91995034669	-4.17546511656	-3.53165250064	-2.97813126314	-2.50473400754
2, 0	0.0	25.0150383799	26.9202738286	25.9532527413	25.5039031657	26.037373773	27.3930885111	29.3161631294	31.5739954749	33.965043219	36.3345161142	38.5880432	40.6588354737	42.4784173899	43.9918411158	45.1802766965	46.0397543016	46.5576583799	46.7251526812	46.5496518077	46.0415149214	45.2172837573	44.0967540064	42.7050564633	41.0709036712	39.2262465853	37.2059032917	35.0458742831	32.7838054826	30.4574265195	28.1034682087	25.7564342521	23.4485959694	21.2086514143	19.061042414	17.0256890547	15.1172354023	13.346868321	11.7207145332	10.2408750037	8.90586916273	7.71101406585	6.65005882949	5.71471917769	4.89581625034	4.18237258747	3.56340988208	3.02901672908	2.56983155396	2.17675176943	1.84133397075
