
>Parameters: [0.00166, 0.001, 0.1]
>Starting values: [301.0, 0.0, 0.0, 0.0, 0.0]
#	51	2	2
time	0.0	1.0	2.0	3.0	4.0	5.0	6.0	7.0	8.0	9.0	10.0	11.0	12.0	13.0	14.0	15.0	16.0	17.0	18.0	19.0	20.0	21.0	22.0	23.0	24.0	25.0	26.0	27.0	28.0	29.0	30.0	31.0	32.0	33.0	34.0	35.0	36.0	37.0	38.0	39.0	40.0	41.0	42.0	43.0	44.0	45.0	46.0	47.0	48.0	49.0	50.0
1, 0	301.0	260.719143027	241.726622805	228.216154436	216.559076169	206.055688814	196.421507993	187.440693359	178.969406249	170.890647372	163.13842861	155.654308548	148.412026227	141.378466606	134.543585831	127.896070299	121.42893462	115.140671509	109.030730174	103.101297971	97.3579056526	91.805486549	86.4512436212	81.3034632442	76.3710938978	71.6634235445	67.1896730067	62.9585615792	58.977785834	55.2533878531	51.7892407616	48.5865116241	45.6431878824	42.9537562178	40.5090429336	38.296346576	36.299837099	34.50103451	32.8795597308	31.4140680993	30.0831218963	28.8660058036	27.7434218292	26.6980274208	25.7148322382	24.7814405321	23.8878241865	23.0262662723	22.1910977492	21.3783890341	20.5856243087
0, 1	0.0	2.22793270075	6.8459268174	12.5095035048	18.820097577	25.5808334028	32.6539171786	39.9374487148	47.356827856	54.8565701867	62.3951912008	69.9407741806	77.4686605346	84.9590476938	92.3962648966	99.7670634325	107.060242771	114.266150208	121.376142815	128.382241121	135.276925942	142.052865429	148.702847909	155.219606071	161.595741417	167.823689083	173.895718742	179.803982175	185.540597807	191.097770534	196.467966361	201.644129559	206.619922569	211.389956202	215.950047518	220.297501548	224.431224422	228.351844497	232.061788215	235.565255533	238.868095439	241.977609713	244.902312491	247.651663157	250.235777131	252.66503702	254.949951398	257.100867358	259.127771549	261.040157038	262.846916557
0, 2	0.0	-24.7458820468	-177.655680388	-443.092712056	-759.736900534	-1089.08278071	-1412.47888721	-1721.19834503	-2010.93787627	-2279.24264957	-2524.4589436	-2745.22401205	-2940.2733187	-3108.36784888	-3248.18553427	-3358.5101891	-3438.15590538	-3485.97790969	-3500.94703642	-3482.22190536	-3429.17899204	-3341.49483343	-3219.17681062	-3062.65316875	-2872.83492416	-2651.17269375	-2399.70629112	-2121.09678813	-1818.64642532	-1496.28710847	-1158.5351232	-810.413099808	-457.335051984	-104.96878491	240.944785496	574.842302085	891.503961794	1186.23979509	1455.09086379	1694.98142709	1903.80140193	2080.43056017	2224.71035504	2337.37224682	2419.92636108	2474.46447849	2503.54506449	2510.01748603	2496.86362463	2467.07299983	2423.53281415
1, 1	0.0	438.894843585	1304.83999576	1971.7453998	2429.46513178	2765.77175169	3033.55770235	3256.59294606	3445.03528557	3601.77844099	3728.32854725	3823.34795252	3886.94680253	3916.44927769	3911.57226209	3871.13619361	3793.94871581	3679.5411247	3527.52094302	3337.91423423	3111.69124009	2849.88639669	2554.44596049	2228.06120822	1874.20406541	1497.15422037	1101.99017227	694.552469995	281.349682491	-130.627140396	-534.105627833	-921.779328874	-1286.60266984	-1622.10130103	-1922.70778871	-2184.10040312	-2403.32290698	-2578.91476895	-2710.96959396	-2801.03169006	-2851.90526677	-2867.39071974	-2851.98720194	-2810.58621043	-2748.1745238	-2669.48139385	-2578.91800277	-2480.3879031	-2377.21266863	-2272.12122802	-2167.26695811
2, 0	0.0	-6538.00526369	-8515.89868901	-8106.47336935	-7524.70422081	-7114.84097993	-6841.53863091	-6663.22745756	-6534.9270481	-6441.94524337	-6362.09518102	-6287.1950073	-6204.12039946	-6105.64581782	-5987.22928192	-5845.31840872	-5675.32769687	-5475.02618529	-5245.30001781	-4984.76882303	-4694.57588942	-4376.18960231	-4032.32763957	-3666.31586464	-3282.27718736	-2885.08309979	-2480.22381938	-2073.80630749	-1672.19306337	-1281.88181634	-909.29427558	-560.495807178	-240.863098322	45.1395410516	294.164187077	504.204368547	674.603877275	806.041918729	900.450921535	960.803067323	990.89760522	995.075798841	977.928485399	944.050137834	897.784808255	843.006481629	783.135208436	721.015690199	658.909420528	598.532066282	541.106538478
